25
Seq001    0.0000 0.0120 0.0450 0.0890 0.1100 0.0180 0.0950 0.1200 0.0650 0.0780 0.1150 0.0280 0.0920 0.1050 0.0720 0.0850 0.1080 0.0190 0.0980 0.1130 0.0420 0.0810 0.0990 0.1170 0.0380
Seq002    0.0120 0.0000 0.0480 0.0910 0.1120 0.0210 0.0970 0.1220 0.0670 0.0800 0.1170 0.0290 0.0940 0.1070 0.0740 0.0870 0.1100 0.0220 0.1000 0.1150 0.0440 0.0830 0.1010 0.1190 0.0400
Seq003    0.0450 0.0480 0.0000 0.0920 0.1050 0.0520 0.1000 0.1180 0.0190 0.0850 0.1120 0.0560 0.0980 0.1090 0.0210 0.0910 0.1140 0.0490 0.1020 0.1160 0.0150 0.0880 0.1050 0.1200 0.0170
Seq004    0.0890 0.0910 0.0920 0.0000 0.0680 0.0950 0.0220 0.0750 0.0980 0.0180 0.0720 0.0970 0.0240 0.0790 0.0990 0.0200 0.0730 0.0930 0.0260 0.0810 0.0960 0.0190 0.0280 0.0840 0.0940
Seq005    0.1100 0.1120 0.1050 0.0680 0.0000 0.1150 0.0720 0.0250 0.1080 0.0710 0.0180 0.1180 0.0740 0.0280 0.1100 0.0690 0.0220 0.1140 0.0760 0.0310 0.1070 0.0700 0.0780 0.0340 0.1090
Seq006    0.0180 0.0210 0.0520 0.0950 0.1150 0.0000 0.1000 0.1260 0.0710 0.0840 0.1200 0.0250 0.0980 0.1110 0.0780 0.0910 0.1140 0.0160 0.1040 0.1180 0.0480 0.0870 0.1050 0.1230 0.0440
Seq007    0.0950 0.0970 0.1000 0.0220 0.0720 0.1000 0.0000 0.0780 0.1020 0.0210 0.0750 0.1020 0.0190 0.0820 0.1030 0.0230 0.0760 0.0980 0.0250 0.0840 0.1000 0.0200 0.0260 0.0870 0.0980
Seq008    0.1200 0.1220 0.1180 0.0750 0.0250 0.1260 0.0780 0.0000 0.1210 0.0780 0.0280 0.1280 0.0810 0.0190 0.1220 0.0760 0.0270 0.1240 0.0830 0.0220 0.1190 0.0770 0.0820 0.0240 0.1200
Seq009    0.0650 0.0670 0.0190 0.0980 0.1080 0.0710 0.1020 0.1210 0.0000 0.0920 0.1150 0.0730 0.1010 0.1120 0.0220 0.0950 0.1170 0.0680 0.1050 0.1190 0.0180 0.0940 0.1080 0.1230 0.0160
Seq010    0.0780 0.0800 0.0850 0.0180 0.0710 0.0840 0.0210 0.0780 0.0920 0.0000 0.0740 0.0860 0.0230 0.0810 0.0940 0.0190 0.0750 0.0820 0.0270 0.0830 0.0890 0.0170 0.0250 0.0860 0.0910
Seq011    0.1150 0.1170 0.1120 0.0720 0.0180 0.1200 0.0750 0.0280 0.1150 0.0740 0.0000 0.1220 0.0780 0.0310 0.1160 0.0730 0.0190 0.1180 0.0800 0.0340 0.1130 0.0750 0.0820 0.0360 0.1140
Seq012    0.0280 0.0290 0.0560 0.0970 0.1180 0.0250 0.1020 0.1280 0.0730 0.0860 0.1220 0.0000 0.1000 0.1140 0.0800 0.0930 0.1160 0.0240 0.1060 0.1200 0.0520 0.0890 0.1070 0.1250 0.0480
Seq013    0.0920 0.0940 0.0980 0.0240 0.0740 0.0980 0.0190 0.0810 0.1010 0.0230 0.0780 0.1000 0.0000 0.0840 0.1020 0.0250 0.0790 0.0960 0.0220 0.0870 0.0990 0.0210 0.0280 0.0900 0.1000
Seq014    0.1050 0.1070 0.1090 0.0790 0.0280 0.1110 0.0820 0.0190 0.1120 0.0810 0.0310 0.1140 0.0840 0.0000 0.1130 0.0800 0.0320 0.1100 0.0870 0.0210 0.1100 0.0820 0.0860 0.0240 0.1110
Seq015    0.0720 0.0740 0.0210 0.0990 0.1100 0.0780 0.1030 0.1220 0.0220 0.0940 0.1160 0.0800 0.1020 0.1130 0.0000 0.0970 0.1180 0.0750 0.1060 0.1200 0.0190 0.0960 0.1090 0.1240 0.0180
Seq016    0.0850 0.0870 0.0910 0.0200 0.0690 0.0910 0.0230 0.0760 0.0950 0.0190 0.0730 0.0930 0.0250 0.0800 0.0970 0.0000 0.0740 0.0890 0.0280 0.0820 0.0930 0.0180 0.0270 0.0850 0.0950
Seq017    0.1080 0.1100 0.1140 0.0730 0.0220 0.1140 0.0760 0.0270 0.1170 0.0750 0.0190 0.1160 0.0790 0.0320 0.1180 0.0740 0.0000 0.1120 0.0810 0.0350 0.1150 0.0760 0.0830 0.0380 0.1160
Seq018    0.0190 0.0220 0.0490 0.0930 0.1140 0.0160 0.0980 0.1240 0.0680 0.0820 0.1180 0.0240 0.0960 0.1100 0.0750 0.0890 0.1120 0.0000 0.1020 0.1170 0.0450 0.0850 0.1030 0.1210 0.0410
Seq019    0.0980 0.1000 0.1020 0.0260 0.0760 0.1040 0.0250 0.0830 0.1050 0.0270 0.0800 0.1060 0.0220 0.0870 0.1060 0.0280 0.0810 0.1020 0.0000 0.0890 0.1030 0.0240 0.0290 0.0920 0.1040
Seq020    0.1130 0.1150 0.1160 0.0810 0.0310 0.1180 0.0840 0.0220 0.1190 0.0830 0.0340 0.1200 0.0870 0.0210 0.1200 0.0820 0.0350 0.1170 0.0890 0.0000 0.1170 0.0840 0.0900 0.0240 0.1180
Seq021    0.0420 0.0440 0.0150 0.0960 0.1070 0.0480 0.1000 0.1190 0.0180 0.0890 0.1130 0.0520 0.0990 0.1100 0.0190 0.0930 0.1150 0.0450 0.1030 0.1170 0.0000 0.0910 0.1060 0.1210 0.0170
Seq022    0.0810 0.0830 0.0880 0.0190 0.0700 0.0870 0.0200 0.0770 0.0940 0.0170 0.0750 0.0890 0.0210 0.0820 0.0960 0.0180 0.0760 0.0850 0.0240 0.0840 0.0910 0.0000 0.0230 0.0870 0.0930
Seq023    0.0990 0.1010 0.1050 0.0280 0.0780 0.1050 0.0260 0.0820 0.1080 0.0250 0.0820 0.1070 0.0280 0.0860 0.1090 0.0270 0.0830 0.1030 0.0290 0.0900 0.1060 0.0230 0.0000 0.0930 0.1070
Seq024    0.1170 0.1190 0.1200 0.0840 0.0340 0.1230 0.0870 0.0240 0.1230 0.0860 0.0360 0.1250 0.0900 0.0240 0.1240 0.0850 0.0380 0.1210 0.0920 0.0240 0.1210 0.0870 0.0930 0.0000 0.1220
Seq025    0.0380 0.0400 0.0170 0.0940 0.1090 0.0440 0.0980 0.1200 0.0160 0.0910 0.1140 0.0480 0.1000 0.1110 0.0180 0.0950 0.1160 0.0410 0.1040 0.1180 0.0170 0.0930 0.1070 0.1220 0.0000