Result[0] = 125000.000000
Result[1] = 125000.000000
Result[2] = 125000.000000
Result[3] = 125000.000000
Result[4] = 125000.000000
Result[5] = 125000.000000
Result[6] = 125000.000000
Result[7] = 125000.000000
Result[8] = 125000.000000
Result[9] = 125000.000000
Final Checksum: 1250000.000000
Average Value: 125000.000000
Computation Complete