1.000 0.042 0.018 0.008 0.003 0.001 0.001 0.000 0.001 0.000
0.042 1.000 0.055 0.024 0.011 0.004 0.002 0.001 0.001 0.001
0.018 0.055 1.000 0.048 0.021 0.009 0.004 0.002 0.001 0.001
0.008 0.024 0.048 1.000 0.038 0.015 0.007 0.003 0.002 0.001
0.003 0.011 0.021 0.038 1.000 0.044 0.019 0.008 0.004 0.002
0.001 0.004 0.009 0.015 0.044 1.000 0.025 0.012 0.005 0.002
0.001 0.002 0.004 0.007 0.019 0.025 1.000 0.022 0.010 0.004
0.000 0.001 0.002 0.003 0.008 0.012 0.022 1.000 0.018 0.008
0.001 0.001 0.001 0.002 0.004 0.005 0.010 0.018 1.000 0.015
0.000 0.001 0.001 0.001 0.002 0.002 0.004 0.008 0.015 1.000